Name	W2	W4	W7	W8	W9	W11	W12	W17	W18	W19	W20	W3	W5	W6	W10	W13	W14	W15	W16	W21
W2	0.0	0.8071209176957312	0.8250172381370275	0.8697423682066069	0.8090327838024196	0.7779101109509183	0.7747132200839968	0.7804488184040619	0.8608098790196201	0.780041371528866	0.6902776907164797	0.8637873754152824	0.8567354102676612	0.843415031655488	0.8881088196577446	0.8785494891243026	0.8871685576380618	0.7264777784742682	0.7536513508431016	0.8092835203410017
W4	0.8071209176957312	0.0	0.7584780292108068	0.9197956497210557	0.7462546229549301	0.7925781984579703	0.8356108568921206	0.800852504231179	0.7616749200777283	0.8518773898326334	0.7975615871622892	0.9235880398671097	0.8768883595561964	0.8988904908167743	0.9216761737604212	0.901554566539209	0.9159719175076788	0.8145803297185482	0.8374600388641634	0.7605152635867862
W7	0.8250172381370275	0.7584780292108068	0.0	0.9284774023694603	0.6566789945464803	0.7229988090014418	0.865793267723939	0.7271046198207234	0.6793393092208362	0.8636620071459914	0.7339371904970852	0.9604463110386761	0.8947846799974927	0.9109571867360371	0.9425186485300571	0.9294803485237886	0.9359054723249546	0.7738669842662822	0.8407509559330534	0.8028583965398358
W8	0.8697423682066069	0.9197956497210557	0.9284774023694603	0.0	0.8952234689400113	0.836989907854322	0.7565661631041184	0.8334482542468501	0.9672475396477151	0.7886290979753025	0.8583965398357676	0.8552623331034915	0.8345452266031468	0.830063310975992	0.8219143734720742	0.8247038174638	0.8308155205917382	0.7965586410079609	0.7588227919513572	0.9050335360120354
W9	0.8090327838024196	0.7462546229549301	0.6566789945464803	0.8952234689400113	0.0	0.6579953613740362	0.8389958001629787	0.6789318623456403	0.7234375979439603	0.8511565222842099	0.7204601015482981	0.9438976994922585	0.9034664326458973	0.9069454021187238	0.9263461417915125	0.9226791199147496	0.9274431141478092	0.7072337491380931	0.7802294239328026	0.7847113395599574
W11	0.7779101109509183	0.7925781984579703	0.7229988090014418	0.836989907854322	0.6579953613740362	0.0	0.70174888735661	0.5839340562903529	0.8148624083244531	0.7782862157587914	0.6601579640193067	0.871685576380618	0.7832696044631103	0.8070895756284084	0.8153325393342945	0.8118222277941453	0.8399987463173071	0.6226415094339622	0.699648968845985	0.7593242650285212
W12	0.7747132200839968	0.8356108568921206	0.865793267723939	0.7565661631041184	0.8389958001629787	0.70174888735661	0.0	0.7249733592427756	0.9152510499592553	0.669027769071648	0.6792139409515452	0.721525731837272	0.584842976242713	0.6235190873189995	0.6401303830000626	0.609979314235567	0.65122547483232	0.6481539522346894	0.6386259637685702	0.819845797028772
W17	0.7804488184040619	0.800852504231179	0.7271046198207234	0.8334482542468501	0.6789318623456403	0.5839340562903529	0.7249733592427756	0.0	0.8162414592866546	0.7554065066131762	0.6201654861154642	0.8943145489876512	0.8063060239453395	0.8221024258760108	0.8372406443929041	0.8501535761298815	0.862000877577885	0.6168745690465743	0.6699053469566852	0.7836770513383062
W18	0.8608098790196201	0.7616749200777283	0.6793393092208362	0.9672475396477151	0.7234375979439603	0.8148624083244531	0.9152510499592553	0.8162414592866546	0.0	0.9118034225537517	0.8204726383752272	0.9782799473453269	0.9452140663198144	0.9544286341127061	0.96843853820598	0.9630163605591425	0.9668087507051966	0.8519087318999561	0.9013351720679496	0.8468313169936689
W19	0.780041371528866	0.8518773898326334	0.8636620071459914	0.7886290979753025	0.8511565222842099	0.7782862157587914	0.669027769071648	0.7554065066131762	0.9118034225537517	0.0	0.6963580517770952	0.8680185545038551	0.7448128878580831	0.7612988152698552	0.8113520967843039	0.7941766438914311	0.8032971854823544	0.6805303077791011	0.6935999498526922	0.8583965398357676
W20	0.6902776907164797	0.7975615871622892	0.7339371904970852	0.8583965398357676	0.7204601015482981	0.6601579640193067	0.6792139409515452	0.6201654861154642	0.8204726383752272	0.6963580517770952	0.0	0.8770137278254874	0.7749952986899016	0.7863097849934182	0.8497774713220084	0.833072149438977	0.8412210869428948	0.5941515702375729	0.6648906161850435	0.788817150379239
W3	0.8637873754152824	0.9235880398671097	0.9604463110386761	0.8552623331034915	0.9438976994922585	0.871685576380618	0.721525731837272	0.8943145489876512	0.9782799473453269	0.8680185545038551	0.8770137278254874	0.0	0.7487933304080737	0.7109007710148562	0.6246474017426189	0.7243778599636432	0.7168244217388579	0.842882216511001	0.8058358929354981	0.8992039114900019
W5	0.8567354102676612	0.8768883595561964	0.8947846799974927	0.8345452266031468	0.9034664326458973	0.7832696044631103	0.584842976242713	0.8063060239453395	0.9452140663198144	0.7448128878580831	0.7749952986899016	0.7487933304080737	0.0	0.5823356108568921	0.6569297310850624	0.5799222716730396	0.5877577885037297	0.7430263900206857	0.7482605152635868	0.861342694164107
W6	0.843415031655488	0.8988904908167743	0.9109571867360371	0.830063310975992	0.9069454021187238	0.8070895756284084	0.6235190873189995	0.8221024258760108	0.9544286341127061	0.7612988152698552	0.7863097849934182	0.7109007710148562	0.5823356108568921	0.0	0.6362126245847176	0.59741114523914	0.5860653168683007	0.7555945590171128	0.7371967654986523	0.888986397542782
W10	0.8881088196577446	0.9216761737604212	0.9425186485300571	0.8219143734720742	0.9263461417915125	0.8153325393342945	0.6401303830000626	0.8372406443929041	0.96843853820598	0.8113520967843039	0.8497774713220084	0.6246474017426189	0.6569297310850624	0.6362126245847176	0.0	0.610512129380054	0.5700808625336927	0.8117282015921771	0.7737102739296684	0.8981696232683508
W13	0.8785494891243026	0.901554566539209	0.9294803485237886	0.8247038174638	0.9226791199147496	0.8118222277941453	0.609979314235567	0.8501535761298815	0.9630163605591425	0.7941766438914311	0.833072149438977	0.7243778599636432	0.5799222716730396	0.59741114523914	0.610512129380054	0.0	0.5476399423305961	0.7772205854698175	0.7773146116717858	0.890146054033724
W14	0.8871685576380618	0.9159719175076788	0.9359054723249546	0.8308155205917382	0.9274431141478092	0.8399987463173071	0.65122547483232	0.862000877577885	0.9668087507051966	0.8032971854823544	0.8412210869428948	0.7168244217388579	0.5877577885037297	0.5860653168683007	0.5700808625336927	0.5476399423305961	0.0	0.7977809816335486	0.7892872813890804	0.9156898389017739
W15	0.7264777784742682	0.8145803297185482	0.7738669842662822	0.7965586410079609	0.7072337491380931	0.6226415094339622	0.6481539522346894	0.6168745690465743	0.8519087318999561	0.6805303077791011	0.5941515702375729	0.842882216511001	0.7430263900206857	0.7555945590171128	0.8117282015921771	0.7772205854698175	0.7977809816335486	0.0	0.5748761988340751	0.7884097035040432
W16	0.7536513508431016	0.8374600388641634	0.8407509559330534	0.7588227919513572	0.7802294239328026	0.699648968845985	0.6386259637685702	0.6699053469566852	0.9013351720679496	0.6935999498526922	0.6648906161850435	0.8058358929354981	0.7482605152635868	0.7371967654986523	0.7737102739296684	0.7773146116717858	0.7892872813890804	0.5748761988340751	0.0	0.817871246787438
W21	0.8092835203410017	0.7605152635867862	0.8028583965398358	0.9050335360120354	0.7847113395599574	0.7593242650285212	0.819845797028772	0.7836770513383062	0.8468313169936689	0.8583965398357676	0.788817150379239	0.8992039114900019	0.861342694164107	0.888986397542782	0.8981696232683508	0.890146054033724	0.9156898389017739	0.7884097035040432	0.817871246787438	0.0
